12 1000
1 1 3354
1 2 25908
1 3 1342
1 6 4989
1 8 8477
1 10 32374
2 1 25892
2 2 23132
2 3 32135
2 12 25720
3 4 7595
3 5 14796
3 9 16878
3 10 24794
4 3 20312
4 6 21942
4 11 29812
4 12 29291
5 5 1770
5 6 23104
5 7 14556
5 12 14
6 3 32709
6 4 20484
6 12 10060
7 2 21134
7 5 28479
7 6 22987
7 9 17493
7 10 30985
7 11 25470
8 1 5662
8 6 2009
8 8 8712
8 9 11335
8 11 12580
9 10 24986
9 12 14550
10 2 25264
10 3 12100
10 6 3711
11 5 5938
11 8 3738
11 11 5021
12 1 24479
12 2 18979
12 5 21168
12 10 26967
12 11 6928
12 7 9573
2 3 19084
9 1 4978
9 2 25500
4 5 8453
10 8 3658
8 11 18567
6 11 24064
4 1 4913
1 3 11950
10 3 20592
4 11 19418
5 10 8050
4 3 10484
6 11 21212
3 1 29635
1 2 8160
12 7 12291
6 7 16667
10 5 14218
6 1 2834
5 12 31887
7 2 13093
12 10 21484
1 8 2887
4 12 27503
2 12 1003
2 10 29844
8 9 13013
10 12 1600
10 5 14561
5 3 22613
9 5 31186
1 9 21050
2 5 202
2 1 422
4 6 28929
7 12 337
8 4 21958
6 8 12126
11 7 22015
5 7 24975
6 5 3738
7 4 6576
3 8 29870
6 2 9905
12 10 27455
10 2 12136
7 3 480
8 2 27135
7 2 26796
7 1 20327
4 8 23367
10 7 31856
9 6 26599
7 9 14939
3 12 22684
3 8 26365
9 4 29769
1 11 14531
11 12 6670
3 8 13636
8 6 13585
3 6 12579
5 3 32748
8 8 26209
1 2 22059
5 12 10883
6 2 14230
7 8 8201
5 10 29761
10 4 30508
2 7 2464
3 9 32743
2 9 22531
10 7 934
10 3 21832
12 2 10043
6 7 3250
8 4 1516
11 8 25882
12 9 23727
6 2 7667
6 9 2289
4 2 2273
3 5 24700
8 11 2257
6 11 4184
10 9 8400
1 10 20157
4 12 11282
6 9 20590
10 1 1520
5 9 11282
10 9 17343
7 5 13931
8 9 31692
11 10 30840
2 12 15341
1 3 15593
6 8 5979
10 2 25704
4 3 26320
10 2 18596
10 8 18221
3 12 1069
7 9 25090
12 3 2419
12 3 26841
4 6 7562
10 10 14096
1 10 7047
6 8 6053
8 8 27532
7 12 838
2 8 25826
2 10 8311
2 10 29867
12 7 12987
10 7 27417
6 8 18171
5 10 20264
8 10 6814
4 5 7501
1 2 18453
4 11 28578
8 2 32450
1 4 20070
9 1 17801
2 11 24056
9 7 20072
11 4 23442
7 9 1768
8 7 27750
12 9 9291
3 2 15101
3 2 15293
9 10 19674
4 4 22001
11 4 28369
9 11 11000
9 12 8343
6 4 7728
8 5 6256
8 4 31641
5 3 24077
11 10 12030
4 2 10224
9 5 673
1 1 10487
6 8 13949
6 5 25559
6 12 16949
11 7 30901
12 4 9029
12 6 17688
4 7 1556
8 6 10474
9 2 13300
11 8 25421
1 2 18747
10 1 20569
3 7 7667
11 5 27956
10 8 20693
9 3 31228
5 3 22410
5 1 26991
1 6 10344
1 1 7270
9 6 20774
4 6 15223
3 8 27453
6 10 27482
10 11 10729
1 4 10465
9 7 1807
5 5 24491
1 6 11122
3 8 23253
6 3 25591
7 7 4438
9 12 6382
11 6 6091
7 10 7575
7 7 16349
8 4 7519
1 4 12679
6 1 14725
6 2 9445
9 11 25899
6 12 25430
1 2 1786
1 7 27922
7 12 12007
4 9 7305
8 2 5051
1 5 29474
12 4 24420
7 9 29490
12 12 25158
3 6 6472
10 4 25850
5 2 15133
12 9 19776
9 9 23754
12 9 30228
5 3 32017
8 2 17438
9 12 32733
1 11 30460
12 9 19016
9 7 19730
12 12 26048
9 9 4839
1 1 10283
5 10 30776
2 12 32023
1 4 21571
9 8 4178
12 4 12289
12 2 21641
4 7 18496
5 4 16570
7 10 4831
5 8 13724
6 6 31132
6 9 22600
11 10 16945
1 7 25039
8 6 20147
2 9 31614
3 7 21104
3 9 19960
12 12 5829
10 3 32123
6 3 18586
9 9 30688
10 8 21129
4 6 18744
11 4 20703
6 6 12828
12 8 1010
2 9 1793
10 10 6793
4 4 558
3 2 4417
11 2 14897
12 7 1329
6 7 27868
2 11 1867
12 4 21297
3 3 2847
7 4 19663
3 8 18187
10 9 29106
3 1 5377
12 5 3950
11 9 27242
11 8 21289
8 9 8911
3 3 29692
9 8 27725
5 2 10635
3 4 30205
9 6 10480
6 11 24543
11 10 22090
3 6 10466
2 2 25491
4 10 17184
9 2 17806
4 2 24424
6 4 19936
5 11 14509
2 4 26040
5 7 31989
11 3 26264
9 11 13522
5 10 30483
12 5 2968
8 3 12195
11 8 27085
4 10 12252
4 11 16503
8 10 18094
1 12 32611
9 6 28789
7 7 18808
12 2 17409
10 5 25000
12 10 996
2 11 20526
9 10 31648
7 6 13066
1 10 10385
4 2 24070
5 5 31909
12 1 11679
3 5 23872
11 5 3505
12 7 27356
4 1 32688
9 10 11852
12 8 13779
3 10 3744
4 7 28549
8 3 32549
2 3 30957
9 12 14069
6 4 21106
4 8 3083
12 10 26247
8 2 18917
9 5 8994
2 10 8203
6 3 6562
5 5 7967
2 1 17186
7 3 15162
9 6 93
3 11 204
11 11 13232
8 7 9521
3 3 14565
1 4 28340
7 4 20932
6 12 10184
6 2 12193
8 1 32658
3 11 24927
2 3 28182
4 12 27294
11 9 31923
8 3 29715
7 3 17320
7 1 11831
11 3 5077
10 4 30418
7 9 12288
8 2 26377
10 4 15165
11 5 29435
4 4 10832
2 11 1302
3 10 9242
7 1 20129
1 3 24951
8 12 13367
4 4 22297
10 9 6174
12 1 21563
7 12 7623
7 7 22344
3 1 10456
9 4 13768
1 6 8076
9 5 26415
12 10 11090
11 8 23145
5 8 9192
12 7 19500
2 11 20597
9 5 10372
4 12 1857
3 9 11279
3 11 16415
12 12 18907
8 9 13997
12 1 24822
9 2 4332
12 11 6401
4 11 29665
6 12 24426
2 6 21315
9 11 1818
8 11 27228
7 4 2745
5 12 31652
6 1 30166
5 5 462
12 5 5013
6 7 14384
3 3 16815
7 9 6606
2 7 15597
5 1 32121
11 8 30817
9 3 6844
12 4 8970
3 8 22155
4 7 30634
8 7 2035
3 7 24814
5 11 17466
12 5 28739
9 9 32562
12 9 12265
2 9 14253
4 9 2334
1 6 20812
9 6 23932
12 1 29738
2 8 7904
6 2 8206
5 9 13169
2 7 25635
5 4 23457
2 11 11633
6 4 11834
11 10 11649
4 12 8930
2 3 18432
4 2 7562
6 3 4400
5 5 3534
9 6 138
10 8 2866
9 9 25067
7 8 29620
3 11 5388
1 2 1085
11 2 7752
11 8 15044
1 7 15576
11 1 8270
1 5 31238
2 2 27913
5 6 16906
7 5 25400
4 1 25237
2 6 19879
4 1 5164
6 11 21726
8 1 19173
6 4 27221
10 4 16423
7 2 27469
8 12 19059
7 3 25884
6 2 31085
2 10 8983
2 7 23442
5 5 29265
7 6 8292
10 1 25073
12 1 17654
9 3 18128
3 11 29204
6 3 32655
4 11 31365
1 11 29306
10 10 19732
2 8 4287
12 12 353
1 7 25328
10 2 14257
2 9 20676
1 11 9008
8 12 2704
5 4 4960
10 7 17653
1 3 31918
6 8 26543
2 9 10598
3 4 30357
3 10 13174
11 11 26649
7 9 31941
1 10 24308
6 1 24331
9 12 25797
7 2 3432
9 1 25029
9 3 28973
9 11 12765
8 1 30866
5 7 29122
2 1 10585
4 2 32493
4 3 8836
2 7 15230
9 6 24481
8 5 873
4 7 21868
10 8 29321
10 10 12974
5 5 13156
8 1 405
7 10 7369
1 12 25874
5 8 30862
8 6 2764
10 9 30743
2 11 30162
10 2 11119
11 12 20241
12 1 22040
8 4 16434
2 10 18658
3 8 21118
9 8 2654
6 2 11971
3 4 8148
8 11 15483
10 3 18111
5 3 19882
9 2 29500
5 8 4643
5 7 500
3 7 18483
10 1 19549
3 2 23024
6 7 17524
8 9 7573
5 2 31034
11 10 5293
9 10 30610
2 9 6406
12 1 29530
7 7 14237
5 10 4821
10 11 22786
2 1 10941
8 9 5095
4 12 17303
1 5 29143
7 8 28958
6 2 22341
5 5 27360
11 4 30580
7 8 361
8 6 4588
4 9 3460
4 8 31346
7 2 24447
10 2 28094
4 10 4731
12 9 17507
5 2 3112
5 9 685
6 4 27519
8 7 24410
10 5 18776
5 6 29810
6 2 1004
9 2 13498
3 3 27302
8 4 17775
7 12 4563
11 11 20291
1 11 28169
10 5 2784
2 11 9567
11 2 3161
2 3 22740
7 5 28232
2 8 4716
12 5 18582
12 3 5363
5 4 10266
6 5 4197
9 8 21395
9 5 19047
11 3 24487
11 9 11358
10 1 14066
2 3 28927
9 3 7239
1 3 26993
4 6 7342
4 12 5720
9 5 13259
4 1 11101
7 5 24743
8 12 5142
2 4 25121
10 1 18268
5 8 6504
3 3 12899
3 9 30280
12 4 22339
1 9 9275
2 12 29352
10 10 16502
5 10 10976
4 8 111
10 6 32395
2 1 11655
2 5 29583
3 7 1511
11 1 30504
10 10 15273
11 5 1566
9 9 17126
12 2 8338
4 10 13381
9 8 20195
2 11 3353
10 10 9612
9 1 22320
4 6 21530
5 3 4581
3 4 28548
9 7 25362
3 4 25220
10 5 29170
1 9 20175
2 11 10005
10 4 16444
3 11 13303
4 10 28459
8 8 2514
8 7 475
9 8 6855
7 7 21617
4 12 12664
6 6 24015
10 5 10907
6 11 23449
1 2 14653
6 3 6648
1 3 27042
12 9 31732
6 11 8201
8 1 28548
3 12 10182
5 2 17572
3 11 23648
5 2 268
4 8 22976
3 3 21086
9 5 16784
9 7 16110
1 10 21342
9 8 14691
5 5 8732
11 11 21996
5 4 27922
9 5 8124
8 5 23399
7 7 1029
8 11 24766
7 5 949
7 6 13988
11 9 28563
6 11 27071
9 12 27291
10 11 19197
1 9 23717
3 9 29751
5 9 29624
4 7 19713
12 9 23710
2 6 26526
8 12 2959
9 7 30547
1 9 21518
4 7 22667
12 9 15188
11 7 30864
1 2 29392
10 2 11710
9 10 20654
11 10 4736
12 9 31332
10 9 1138
11 6 22959
5 7 22144
12 6 28302
6 4 24545
11 10 12563
5 2 11054
7 10 3119
3 4 28695
8 10 5816
3 2 1878
1 2 8802
4 1 31738
8 4 4190
8 9 3613
2 5 10714
9 12 15001
11 9 3743
11 9 30827
11 5 13946
6 10 10164
10 8 4657
11 4 30621
6 1 7989
3 4 8077
4 12 19801
5 2 32107
12 9 30760
10 7 19949
7 4 32178
1 9 5399
1 1 15093
8 10 15480
5 9 31263
8 6 14806
7 7 14689
4 6 3125
12 11 12558
6 7 22147
3 4 13873
12 6 9816
6 4 4846
1 1 23169
3 2 16448
8 8 28754
3 1 9458
8 3 4080
1 12 11237
4 2 20250
2 6 14342
1 7 7956
7 9 18051
2 4 1469
4 12 18
8 3 27393
12 8 8304
8 10 15139
10 10 1901
10 11 13195
9 7 2315
4 9 13091
1 8 15012
8 10 10349
4 3 6424
5 11 1738
6 6 2155
8 10 22967
6 5 26462
12 3 26599
4 12 20963
5 8 12668
4 7 17283
7 9 15322
1 8 9998
1 7 25276
7 8 4903
5 3 6557
7 2 2959
12 11 31119
10 8 11582
3 11 30482
3 4 16293
7 2 30867
12 6 20402
1 1 4495
11 5 18794
11 11 12183
5 7 2872
4 4 23974
10 3 14919
7 7 14215
6 8 16754
2 11 2617
8 6 27834
12 8 16282
2 3 4422
11 11 25278
2 11 13900
7 10 6074
6 3 19837
12 1 7375
6 10 18892
6 4 9267
8 5 22943
9 10 23796
11 8 17872
3 11 9887
10 2 2316
7 9 32436
3 4 11117
6 9 2065
9 1 23646
6 8 27609
5 11 14645
5 9 4224
9 3 14590
3 4 3842
5 6 26225
5 6 14197
3 10 30469
10 8 11631
3 3 31391
11 5 31224
10 4 24917
6 5 13319
4 3 32046
9 3 25015
9 5 1014
5 10 17325
2 7 31096
6 7 10615
12 2 25781
2 2 2244
2 8 21247
11 12 10944
1 7 506
1 3 10752
9 11 9708
11 9 195
1 2 13290
3 8 23151
4 5 28612
12 1 3214
11 5 19389
1 11 23238
6 4 31852
3 1 18035
12 2 3424
5 4 30192
2 11 21343
2 8 2229
4 5 24398
10 5 17620
9 7 8493
1 2 16245
9 2 19627
7 7 17765
4 10 22839
10 4 10715
2 12 13729
4 3 4335
6 11 2984
1 4 6279
6 10 18943
1 9 15776
5 10 11190
2 7 21817
1 4 10767
7 5 14164
6 2 16922
8 10 8127
10 8 18871
7 3 7077
6 4 18380
7 10 27679
6 10 29138
5 5 25907
2 10 9475
1 10 19973
8 9 31696
2 3 29231
2 8 4204
6 6 15727
10 12 9100
1 11 12845
9 2 19113
8 5 8342
11 7 2924
6 5 1835
5 3 29196
4 11 18206
2 2 20159
11 8 9692
5 9 27284
3 6 17025
2 7 15954
6 2 313
11 4 5672
4 10 18360
2 6 9044
12 9 3402
12 12 22802
3 10 1579
7 10 9323
2 6 25904
4 9 9918
10 12 8155
12 10 10518
1 3 8310
10 10 4786
6 11 11981
2 9 22341
10 12 25496
12 2 8656
5 4 953
4 6 1846
1 6 30676
3 5 22475
5 12 2547
8 8 18834
6 3 30256
10 10 15591
11 3 31897
7 1 23495
10 8 20939
4 8 22517
1 12 22781
7 8 9895
3 12 19816
3 3 22669
10 12 14933
7 7 9025
3 5 10296
3 1 28044
8 4 2720
7 7 16895
5 9 3558
2 9 976
11 12 13530
3 7 12288
5 3 5608
10 10 26930
4 9 17508
12 10 5816
5 2 24067
4 8 4036
6 9 7597
1 4 12741
5 6 3103
10 3 27979
12 12 15397
9 6 22290
11 9 17229
4 8 13055
3 9 8547
11 10 19762
2 7 22550
6 4 22913
12 3 24980
12 7 3061
3 1 20485
2 7 15645
1 10 31014
7 4 17231
4 3 30838
8 1 17984
11 9 22453
1 10 17515
6 12 8352
2 3 23099
4 6 19509
9 1 10505
2 3 17121
1 12 4153
1 11 15969
11 4 21792
4 11 10568
11 2 26238
10 10 24930
7 2 11952
6 11 22888
11 8 29666
5 7 19395
12 8 10215
1 11 21338
