12 1000
1 1 7760
1 2 18862
1 10 17049
2 2 11018
2 6 32029
2 10 9003
2 11 23264
3 4 2824
3 6 16341
3 8 5259
4 1 31257
4 2 4123
4 3 24825
4 8 1656
4 11 9742
5 1 10390
5 3 30680
5 8 25459
5 12 17603
6 4 31943
6 5 27691
6 9 8263
6 11 20529
7 1 24117
7 3 23590
7 6 10019
7 10 28868
8 4 20886
8 7 7688
9 2 3632
9 5 30712
9 6 30030
9 9 14358
9 10 31846
9 11 31128
9 12 16462
10 10 15879
11 2 21563
11 4 5944
11 5 23517
11 6 26841
11 11 25809
12 2 16942
12 4 599
12 9 17140
5 5 14850
1 9 29307
1 2 14485
7 11 14857
8 9 918
6 7 26807
3 2 5081
7 10 4085
9 11 8706
4 6 28462
3 1 15352
6 5 6924
4 10 25823
3 12 25790
4 12 16848
5 1 25926
8 6 25791
9 7 30002
6 1 13399
5 10 21341
2 11 2741
12 4 23933
1 5 15938
8 11 5036
11 9 12068
1 1 15414
7 7 30966
8 12 28487
8 1 23500
2 9 10836
8 7 8367
2 2 22870
10 8 32017
6 7 6186
12 2 5614
10 3 22710
11 1 3725
10 10 10917
1 8 22567
4 10 10194
11 3 3801
6 12 5315
10 5 26026
8 1 9917
7 4 18071
7 4 10582
11 5 11474
2 6 31636
8 4 11971
12 5 8442
10 2 31340
3 7 32019
6 9 570
7 12 20564
10 12 4458
12 6 17268
3 11 18058
12 1 19084
10 12 22472
9 12 31631
6 4 22524
3 1 11276
12 8 17597
9 1 22575
4 1 17631
10 3 2425
4 2 31781
9 3 15793
5 3 1046
5 5 16113
6 9 17198
5 7 995
7 5 21220
6 4 7047
11 8 14913
10 8 27163
11 5 17910
3 3 9467
7 7 2099
12 1 6549
4 8 22961
7 4 28606
3 8 25260
10 6 21009
9 10 3517
4 12 18213
6 7 8150
1 2 7341
5 2 22481
2 9 8683
3 11 15689
1 7 8447
6 6 31168
4 4 7916
10 6 2102
6 6 30838
1 2 1731
5 12 1568
6 2 21203
10 1 7154
3 8 9225
3 4 2517
10 11 25350
10 10 18337
5 3 20604
11 4 17456
2 2 1620
6 2 28955
4 7 16341
8 4 11494
12 7 30475
9 10 11201
5 7 5346
5 1 822
6 5 32429
2 1 5970
11 4 1813
12 12 26665
8 12 416
9 12 13518
1 6 16208
1 3 9485
6 9 24595
8 1 15759
3 1 30704
6 6 23086
12 9 22579
1 4 22692
3 2 11287
9 6 4567
9 12 21903
11 11 19056
8 10 25149
11 4 29576
5 7 22983
3 10 31363
2 3 24057
2 8 4984
6 6 27259
10 6 27576
3 12 17675
9 8 6733
9 12 12402
4 12 655
10 10 942
7 11 16666
6 12 13321
12 1 13772
5 12 31772
6 1 23961
9 10 25311
5 3 1359
4 3 19809
9 5 31401
2 9 19134
11 6 21302
9 3 15715
5 1 14601
10 6 13771
2 12 31536
5 1 4657
3 9 29782
12 5 5105
10 7 17444
1 2 26252
9 4 26690
3 3 23946
1 10 2050
9 11 17843
2 2 21014
1 9 23375
1 1 11752
11 2 6770
7 9 19050
3 7 32641
2 4 21112
11 8 15724
12 10 21282
2 3 15448
6 5 14967
2 11 11944
11 10 21931
6 7 939
5 1 27561
1 1 18010
3 6 3446
8 8 23521
8 6 2028
8 10 26867
8 11 6837
6 1 13847
5 11 18067
8 4 2666
9 10 14677
2 4 29073
2 7 10245
4 1 3276
10 8 22587
12 7 14438
10 1 16277
2 5 17921
4 12 3266
9 10 8551
3 11 12195
8 8 14560
2 9 7795
10 3 17231
5 2 13299
9 8 19830
9 6 9990
9 7 9521
1 7 22092
2 7 5266
2 12 664
5 8 14365
6 12 10580
5 1 25236
11 7 3118
4 1 17940
4 8 9642
5 5 19830
12 11 25194
2 9 557
7 7 1349
6 1 23066
11 4 12428
12 3 9736
3 12 14604
3 9 25814
2 8 14251
7 7 18547
12 8 21685
9 4 4413
4 9 5171
11 2 22875
8 8 3298
7 1 19758
5 8 31650
2 2 28405
2 6 9081
7 8 13090
6 12 28286
12 7 20524
2 5 24131
10 10 22450
4 5 6809
6 4 26700
6 10 25543
7 5 20071
4 11 27016
2 5 4079
12 10 6760
8 8 29125
4 2 30560
12 11 22312
6 12 26045
5 9 15001
5 12 28083
6 10 15597
5 5 24112
6 8 12929
4 9 32458
1 6 32714
5 3 24282
11 11 19901
1 10 32035
2 4 29635
4 8 1436
7 11 14388
9 4 19245
7 5 2441
1 8 385
9 7 25033
6 7 8002
3 7 29409
11 12 19283
9 6 21983
5 3 22501
11 7 4176
11 12 9339
11 2 10794
7 10 23612
10 4 5131
2 6 30750
11 3 4280
9 2 17615
10 10 1565
3 8 31348
1 12 22846
5 1 18562
8 2 5593
8 8 8810
11 12 28071
9 10 10704
6 8 25730
11 2 22907
12 4 5594
3 10 8265
8 5 13624
11 2 32203
8 1 3786
5 3 31310
4 10 11813
3 11 4740
12 1 16579
10 12 29450
6 5 5865
2 4 14965
11 1 8435
8 5 30899
10 7 16450
11 5 22760
9 1 2614
11 8 24322
3 1 255
8 5 29890
12 10 6439
11 5 14832
5 7 29734
2 1 14817
4 11 22371
6 11 23729
10 11 25699
8 3 13490
4 3 16926
4 12 14581
6 10 4275
8 9 9232
6 6 30699
7 9 6749
7 4 13905
1 12 32100
6 11 6600
1 8 31292
2 5 3041
10 5 32506
2 10 11112
1 5 26511
8 7 6619
5 1 27808
1 2 32452
6 12 16189
5 2 7225
8 7 21125
6 8 30436
5 6 12434
6 1 22883
8 10 27215
6 5 11753
5 11 18937
8 6 6746
12 5 32381
12 4 19038
2 6 2553
11 12 12323
9 3 26623
12 8 4032
6 1 12402
1 4 12918
6 11 531
11 5 30282
1 11 19479
8 10 25511
6 12 12385
10 1 22021
3 12 16430
1 1 26067
3 4 21338
10 2 28944
4 4 16007
3 9 11599
10 6 18125
6 5 26923
10 3 29114
2 8 23629
9 12 18122
1 8 27786
1 3 21412
12 3 29648
8 3 22203
6 8 9687
7 3 27683
5 10 1489
7 10 1727
1 9 15240
2 11 29712
9 5 21681
7 12 13129
4 7 27235
3 7 6269
2 5 3042
4 9 6905
6 9 1870
12 1 23088
3 7 32209
10 7 26298
11 11 29786
5 2 17758
5 7 4885
11 1 28
9 9 21778
10 9 32171
5 12 22237
8 5 20979
2 9 3584
5 10 23138
9 2 19607
10 5 20272
10 6 23425
10 8 3825
10 4 31453
3 10 23550
10 11 3017
2 1 7079
6 8 22436
9 12 29984
9 4 10297
1 1 688
2 12 422
6 6 12682
3 4 6623
6 10 32079
6 2 29455
6 11 31293
4 10 5454
9 6 11614
4 2 6503
5 8 5223
10 9 22943
11 2 1795
10 2 32447
12 12 22970
1 7 3783
8 10 28340
7 3 28702
10 8 15115
10 12 20251
2 6 18285
12 3 19758
2 2 26927
6 1 10272
4 8 27951
7 12 27938
9 12 16402
8 6 7831
10 9 22459
4 11 17642
1 1 20504
2 7 456
3 8 24975
3 2 15001
3 9 8631
9 7 6670
8 12 28449
1 10 21013
7 1 3925
3 12 32419
11 7 29274
11 4 7937
4 1 20831
2 8 7852
2 8 1621
3 3 10215
4 8 6313
5 12 18823
10 5 8025
9 12 9898
10 8 21261
12 9 16979
2 1 2835
6 1 21034
7 7 30270
12 4 10945
1 3 15639
6 2 7479
5 1 27884
12 5 20761
6 12 9113
3 7 5819
10 4 542
12 5 11663
2 5 103
3 10 22307
4 12 26315
11 8 6854
4 3 553
7 2 9997
5 11 11705
9 12 5541
3 2 6621
7 12 19256
5 12 22938
7 6 4185
10 1 18572
10 6 8615
2 7 22884
5 8 9386
11 6 24913
2 8 31767
7 9 3824
11 4 12674
8 2 31628
6 1 25507
12 8 15318
8 9 12218
2 1 4450
2 2 12725
9 5 28807
1 4 18983
7 9 1655
7 2 10800
10 4 22954
5 5 1252
12 7 4846
4 6 730
6 12 1980
3 7 32737
10 7 20129
4 5 1039
11 4 3298
2 12 8363
1 1 22685
9 3 11939
1 10 3345
9 8 12157
2 8 22240
9 10 4887
2 7 7265
2 7 13192
3 7 19030
4 9 17919
1 6 1965
4 2 6782
1 2 29456
9 1 7602
9 12 25454
10 7 30564
6 7 16582
4 5 9523
8 7 31960
11 12 25752
5 4 2959
11 10 28767
4 2 2358
11 1 21792
1 10 4318
4 2 15704
10 9 12162
7 4 24885
4 10 28864
8 12 3889
5 6 18504
5 5 23055
8 8 10067
9 4 11738
5 11 28604
1 3 12530
6 10 16010
1 12 14157
11 9 17944
3 2 32120
4 2 13343
9 11 11769
8 9 31291
9 1 12064
9 3 20439
11 9 12398
3 4 31359
7 2 13847
10 4 26108
12 11 17994
2 1 26586
2 3 12101
11 5 16920
1 3 28259
8 10 10039
9 8 24475
6 11 13806
8 3 23093
3 7 11542
7 11 2715
12 6 2237
2 7 653
12 7 24418
10 4 28711
4 9 17080
3 8 374
8 7 10642
2 9 32142
12 6 4288
6 7 23907
11 5 7938
1 11 32211
11 2 15459
2 2 12702
12 8 18323
1 2 21824
7 12 29721
4 1 24560
4 4 29312
11 6 5163
5 12 24509
10 7 14225
7 1 11139
11 7 27910
1 1 15689
7 2 15697
10 8 11816
12 6 22956
3 8 470
12 1 263
8 10 29552
6 12 31722
6 11 15058
7 1 11322
10 8 13737
1 7 1356
7 6 11139
7 7 13838
5 2 1676
12 12 12842
2 8 25275
3 12 26736
5 2 21399
10 12 9201
7 4 17628
3 8 8836
9 8 29868
12 1 9909
8 1 17935
3 8 1102
9 12 8426
12 7 11767
9 4 20672
5 6 28576
12 8 26059
1 10 5299
4 4 5212
10 11 2627
10 11 31871
7 11 27821
7 12 14414
8 3 11624
3 1 6535
8 4 26876
7 3 12086
7 7 28240
12 9 4756
7 12 12246
2 3 9835
4 8 11322
6 3 30369
12 2 8093
8 4 19892
2 2 20365
5 10 29774
4 3 21290
2 7 29505
3 4 9797
8 9 10879
3 7 29017
7 11 12271
5 6 2466
10 4 16181
12 5 5076
2 6 8124
11 11 14607
3 10 22699
8 6 20772
4 8 25224
10 9 5712
12 5 21684
10 7 13812
2 4 24846
12 2 12015
11 9 23124
5 5 14759
7 12 4641
6 8 16104
6 1 8604
7 9 31261
4 10 15402
8 7 6290
10 3 3530
9 9 19137
11 7 28385
9 2 7632
7 11 30112
3 6 25302
8 7 12618
12 4 13945
11 2 13827
9 10 14082
1 1 8179
3 12 28676
12 3 27352
2 12 18971
1 1 30571
6 3 12919
5 6 27163
9 6 304
8 7 18181
6 4 13969
4 4 23872
9 2 18138
2 2 18382
3 5 10549
11 11 5326
10 9 2500
5 1 5067
3 1 10265
9 1 29240
1 12 25208
2 1 14711
5 10 943
8 6 1022
3 12 27756
6 8 26491
1 7 29268
4 6 12292
9 3 7756
10 4 11439
8 5 8375
7 5 2098
2 12 11657
5 7 2129
11 2 19339
1 7 9548
10 12 18721
6 6 18052
3 2 20079
6 6 9234
2 1 14256
5 4 25867
8 6 21532
6 1 8347
9 4 9399
12 9 31814
6 5 5073
5 8 19438
6 6 10539
5 7 26732
12 5 18427
7 6 30689
1 8 23361
7 11 12042
4 2 18985
2 12 13622
6 6 29047
2 11 23739
2 6 46
10 3 24563
4 12 17638
12 11 22312
8 6 1687
5 12 13825
3 3 16070
4 10 24387
9 11 17487
10 6 21512
9 5 32065
12 7 16319
6 11 21391
7 4 13449
2 1 15228
6 8 25554
10 12 27659
2 11 3388
1 6 18659
7 10 21038
5 5 14939
4 11 9899
9 10 7092
5 8 18492
3 5 20647
10 10 2575
8 8 19150
5 5 29083
4 6 7318
3 9 8554
3 5 31418
7 5 30680
3 7 3704
2 10 9700
11 12 2554
1 3 26222
12 3 23985
7 8 30826
7 1 2193
10 5 7935
11 12 5736
4 1 16517
2 4 18130
4 11 22996
6 6 23664
6 9 28023
6 9 1900
8 9 28306
1 1 3958
8 8 30108
6 10 8373
9 3 24894
4 6 15468
4 7 28670
4 7 6455
6 3 28531
9 5 2100
12 9 25657
6 6 2936
8 10 6626
7 4 32656
3 4 27793
10 8 23821
4 5 26121
10 1 30793
12 2 1616
11 3 5345
9 5 21559
8 6 28574
11 9 11365
10 4 23745
6 8 17855
3 8 4591
6 11 6202
10 3 31275
5 7 20347
5 9 22441
1 1 17621
8 9 19032
7 1 13444
1 3 25460
1 10 4146
2 1 3463
10 6 1327
3 4 3482
5 11 5855
6 3 3467
11 1 7754
6 12 18618
3 1 9687
5 9 27543
10 10 1175
3 8 19374
10 2 24227
5 3 8520
10 3 22664
9 9 11449
9 12 27055
7 1 242
2 11 24124
4 9 23029
7 3 21225
1 6 16687
4 4 21946
3 12 6906
3 6 27808
3 11 24485
8 2 8044
5 1 2002
3 12 21659
7 1 26391
2 12 26846
1 10 8477
11 3 30583
11 8 25775
3 7 23991
5 2 30079
3 12 11845
11 5 6281
10 8 6391
1 2 82
2 4 21091
7 9 11650
4 5 21106
5 7 11657
12 4 25498
10 6 1090
8 3 1164
1 10 12001
3 4 7288
11 6 23943
9 3 1590
7 8 3662
9 1 4335
3 2 28595
2 12 21800
5 11 10660
1 4 13103
7 5 13208
5 12 3167
11 1 900
7 5 23232
4 5 29827
9 9 17113
7 11 5513
4 1 10722
1 1 28550
12 4 20111
11 9 4019
11 2 27944
7 1 3593
7 7 10163
4 9 12563
8 12 20818
7 6 1939
4 12 26667
9 1 9655
10 3 2923
12 5 30420
3 2 9037
2 5 5592
12 10 20260
3 10 11766
1 5 4571
10 4 21057
12 1 12143
12 4 22053
9 12 20033
1 6 18946
3 2 17758
6 3 9820
11 5 7436
7 10 13654
7 1 14652
10 5 15730
9 12 32174
9 10 8657
6 1 2540
2 6 27492
4 11 32624
6 4 19405
11 1 11905
7 7 30179
11 2 5815
9 6 28949
7 7 28191
2 4 9248
10 10 28282
3 5 2258
6 6 2577
11 4 7638
11 12 29187
8 9 3254
6 6 5674
12 1 27033
8 3 2789
5 4 16231
7 9 7008
12 12 5725
8 8 20284
1 9 7214
5 4 24741
6 3 23625
6 10 7212
9 7 23520
